200d0030
200c0000
8c0e7ff4
20010000
102e0006
20010001
102e0006
20010002
102e0006
20010003
102e0006
8c0b0038
08000c12
8c0b0034
08000c12
8c0b0030
08000c12
8c0b003c
11acffee
8d880000
ac087ff0
218c0004
200a0000
114bfffa
214a0001
08000c17
00000000
00000000
00000000
00000000
00000000
00000000
00000000
00000000
00000000
00000000
00000000
00000000
00000000
00000000
00000000
00000000
00000000
00000000
00000000
00000000
00000000
00000000
00000000
00000000
00000000
00000000
00000000
00000000
00000000
00000000
00000000
00000000
00000000
00000000
00000000
00000000
00000000
00000000

